4400
5400
6400
7400
8400
9400
10400
11400
12400
13400
14400
15400
16400
17400
18400
19400
20400
21400
22400
23400
24400
25400
26400
27400
30400
31400
32400
33400
34400
35400
36400
37400
38400
39400
40400
41400
42400
43400
44400
45400
46400
47400
48400
49400
50400
51400
53400
54400
55400
56400
57400
58400
59400
60400
61400
62400
63400
64400
65400
66400
67400
68400
69400
70400
71400
72400
73400
74400
75400
76400
77400
78400
79400
80400
81400
82400
83400
84400
85400
86400
87400
88400
89400
90400
91400
92400
93400
94400
95400
96400
97400
98400
99400
100400
101400
102400
103400
104400
105400
106400
107400
108400
109400
110400
111400
112400
113400
114400
115400
116400
117400
118400
119400
120400
121400
122400
123400
124400
125400
126400
127400
128400
129400
130400
131400
132400
133400
134400
135400
136400
137400
138400
139400
140400
141400
142400
143400
144400
145400
146400
147400
148400
149400
150400
151400
152400
153400
154400
155400
156400
157400
158400
159400
160400
161400
162400
163400
164400
165400
166400
167400
168400
169400
170400
171400
172400
173400
174400
175400
176400
177400
178400
179400
180400
181400
182400
183400
184400
185400
186400
187400
188400
189400
190400
191400
192400
195400
196400
197400
198400
199400
200400
201400
202400
203400
204400
205400
206400
207400
208400
209400
210400
211400
212400
213400
214400
215400
216400
217400
218400
219400
220400
221400
222400
223400
224400
225400
226400
227400
228400
229400
230400
231400
232400
233400
234400
235400
236400
237400
238400
239400
240400
241400
242400
243400
244400
245400
246400
247400
248400
249400
250400
251400
252400
253400
254400
255400
262400
263400
264400
265400
266400
267400
268400
269400
270400
271400
272400
273400
274400
275400
276400
277400
278400
279400
280400
281400
282400
283400
284400
285400
286400
287400
288400
289400
290400
291400
292400
293400
294400
295400
296400
297400
298400
299400
300400
301400
302400
303400
304400
305400
306400
307400
308400
309400
310400
311400
312400
313400
314400
315400
316400
317400
318400
319400
320400
321400
322400
323400
324400
325400
326400
327400
328400
329400
330400
331400
332400
333400
334400
335400
336400
337400
338400
339400
340400
341400
342400
343400
344400
345400
346400
347400
348400
349400
350400
351400
352400
353400
354400
355400
356400
357400
358400
359400
360400
361400
362400
363400
364400
365400
366400
367400
368400
369400
370400
371400
372400
373400
374400
375400
376400
377400
378400
379400
380400
381400
382400
383400
384400
385400
386400
387400
388400
389400
390400
391400
392400
393400
394400
395400
396400
397400
398400
399400
400400
401400
402400
403400
404400
405400
406400
407400
408400
409400
410400
411400
412400
413400
414400
415400
416400
417400
418400
419400
420400
421400
423400
424400
425400
426400
427400
428400
429400
430400
431400
432400
433400
434400
435400
436400
437400
438400
439400
440400
441400
442400
443400
444400
445400
446400
447400
448400
449400
450400
451400
452400
453400
454400
455400
456400
457400
458400
459400
460400
461400
462400
463400
464400
465400
466400
467400
468400
469400
470400
471400
472400
473400
474400
475400
476400
477400
478400
479400
480400
481400
482400
483400
484400
485400
486400
487400
488400
489400
490400
491400
492400
493400
494400
495400
496400
497400
498400
499400
500400
501400
502400
503400
504400
505400
506400
507400
508400
509400
510400
511400
512400
513400
514400
515400
516400
517400
518400
519400
520400
521400
522400
523400
524400
525400
526400
527400
528400
529400
530400
531400
532400
533400
534400
535400
536400
537400
538400
539400
540400
541400
542400
543400
544400
545400
546400
547400
548400
549400
550400
551400
552400
553400
554400
555400
556400
557400
558400
559400
560400
561400
562400
563400
564400
565400
566400
567400
568400
569400
570400
571400
572400
573400
574400
575400
576400
577400
578400
579400
580400
581400
582400
583400
584400
585400
586400
587400
588400
589400
590400
591400
592400
593400
594400
595400
596400
597400
598400
599400
600400
601400
602400
603400
604400
605400
606400
607400
608400
609400
610400
611400
612400
613400
614400
615400
616400
617400
618400
619400
620400
621400
622400
623400
624400
625400
626400
627400
628400
629400
630400
631400
632400
633400
634400
635400
636400
637400
638400
639400
640400
641400
642400
643400
644400
645400
646400
647400
648400
649400
650400
651400
652400
653400
654400
655400
656400
657400
658400
659400
660400
661400
662400
663400
664400
665400
666400
667400
668400
669400
670400
671400
672400
673400
674400
675400
676400
677400
678400
679400
680400
681400
682400
683400
684400
685400
686400
687400
688400
689400
691400
692400
705400
707400
708400
709400
710400
711400
712400
713400
714400
715400
716400
717400
718400
719400
720400
721400
722400
723400
724400
725400
726400
727400
728400
729400
730400
731400
732400
733400
734400
735400
736400
737400
738400
739400
740400
741400
742400
743400
744400
745400
746400
747400
748400
749400
750400
751400
752400
753400
754400
755400
756400
757400
758400
759400
760400
761400
762400
763400
764400
765400
766400
767400
768400
769400
770400
771400
772400
773400
774400
775400
776400
777400
778400
779400
780400
781400
782400
783400
784400
785400
786400
787400
788400
789400
790400
791400
792400
793400
794400
795400
796400
804400
805400
806400
807400
808400
809400
810400
811400
812400
813400
814400
815400
816400
817400
818400
819400
820400
821400
822400
823400
824400
825400
826400
827400
828400
829400
830400
831400
832400
833400
834400
835400
836400
837400
838400
839400
840400
841400
842400
843400
844400
845400
846400
847400
848400
849400
850400
851400
852400
853400
854400
855400
856400
857400
858400
859400
860400
861400
862400
863400
864400
865400
866400
867400
868400
869400
870400
871400
872400
873400
874400
875400
876400
877400
878400
879400
880400
881400
882400
883400
884400
885400
886400
887400
888400
889400
890400
891400
892400
893400
894400
895400
896400
897400
898400
899400
900400
901400
902400
903400
904400
905400
906400
907400
908400
909400
910400
911400
912400
913400
914400
915400
916400
924400
925400
926400
927400
928400
929400
930400
931400
932400
933400
934400
935400
936400
937400
938400
939400
940400
941400
942400
943400
944400
945400
946400
947400
948400
949400
950400
951400
952400
953400
954400
955400
956400
957400
958400
959400
960400
961400
962400
963400
964400
965400
966400
967400
968400
969400
970400
971400
972400
973400
974400
975400
976400
977400
985400
986400
987400
988400
989400
990400
991400
992400
993400
994400
995400
996400
997400
998400
999400
1002400
1003400
1004400
1005400
1006400
1007400
1008400
1009400
1010400
1011400
1012400
1013400
1014400
1015400
1016400
1017400
1018400
1019400
1020400
1021400
1022400
1023400
1024400
1025400
1026400
1027400
1028400
1029400
1030400
1031400
1032400
1033400
1034400
1035400
1036400
1037400
1038400
1039400
1040400
1041400
1042400
1043400
1044400
1045400
1046400
1047400
1048400
1049400
1050400
1051400
1052400
1053400
1054400
1055400
1056400
1057400
1058400
1059400
1060400
1061400
1062400
1063400
1064400
1065400
1066400
1067400
1068400
1069400
1070400
1071400
1072400
1073400
1074400
1075400
1076400
1077400
1078400
1079400
1080400
1081400
1082400
1083400
1084400
1085400
1086400
1087400
1088400
1089400
1090400
1091400
1092400
1093400
1094400
1095400
1096400
1097400
1098400
1099400
1100400
1101400
1102400
1103400
1104400
1105400
1106400
1107400
1108400
1109400
1110400
1111400
1112400
1113400
1114400
1115400
1116400
1117400
1118400
1119400
1120400
1121400
1122400
1123400
1124400
1125400
1126400
1127400
1128400
1129400
1130400
1131400
1132400
1133400
1134400
1135400
1136400
1137400
1138400
1139400
1140400
1141400
1142400
1144400
1145400
1146400
1147400
1148400
1149400
1150400
1151400
1152400
1153400
1154400
1155400
1156400
1157400
1158400
1159400
1160400
1161400
1162400
1163400
1164400
1165400
1166400
1167400
1168400
1169400
1170400
1171400
1172400
1173400
1174400
1175400
1176400
1177400
1178400
1179400
1180400
1181400
1182400
1183400
1184400
1185400
1186400
1187400
1188400
1189400
1190400
1191400
1192400
1193400
1201400
1202400
1203400
1204400
1205400
1206400
1207400
1208400
1209400
1210400
1211400
1212400
1213400
1214400
1215400
1216400
1217400
1218400
1219400
1220400
1221400
1222400
1223400
1224400
1225400
1226400
1227400
1228400
1229400
1230400
1231400
1232400
1233400
1234400
1235400
1236400
1237400
1238400
1239400
1243400
1244400
