1184400
1188400
709400
1157400
1211400
1235400
890400
739400
1144400
887400
886400
901400
898400
1210400
894400
831400
897400
930400
960400
746400
910400
770400
846400
952400
1023400
1213400
880400
1233400
888400
1191400
830400
1025400
749400
848400
896400
773400
734400
1063400
811400
936400
973400
1209400
891400
885400
854400
747400
1207400
884400
832400
855400
902400
899400
971400
943400
755400
892400
750400
976400
906400
850400
1189400
1180400
937400
893400
1156400
913400
915400
1009400
745400
853400
934400
777400
