705400.0
707400.0
708400.0
709400.0
711400.0
712400.0
713400.0
714400.0
715400.0
716400.0
717400.0
718400.0
719400.0
720400.0
721400.0
722400.0
723400.0
724400.0
725400.0
726400.0
727400.0
728400.0
729400.0
730400.0
731400.0
732400.0
733400.0
734400.0
735400.0
736400.0
737400.0
738400.0
739400.0
740400.0
741400.0
742400.0
743400.0
744400.0
745400.0
746400.0
747400.0
748400.0
749400.0
750400.0
751400.0
752400.0
753400.0
754400.0
755400.0
756400.0
757400.0
758400.0
759400.0
760400.0
761400.0
762400.0
763400.0
764400.0
765400.0
766400.0
767400.0
768400.0
769400.0
770400.0
771400.0
772400.0
773400.0
774400.0
775400.0
776400.0
777400.0
778400.0
779400.0
780400.0
781400.0
782400.0
783400.0
784400.0
785400.0
786400.0
787400.0
788400.0
789400.0
790400.0
791400.0
792400.0
793400.0
794400.0
795400.0
796400.0
804400.0
805400.0
806400.0
807400.0
808400.0
809400.0
810400.0
811400.0
812400.0
813400.0
814400.0
815400.0
816400.0
817400.0
818400.0
819400.0
820400.0
821400.0
822400.0
823400.0
824400.0
825400.0
826400.0
827400.0
828400.0
829400.0
830400.0
831400.0
832400.0
834400.0
835400.0
836400.0
837400.0
838400.0
839400.0
840400.0
841400.0
842400.0
843400.0
844400.0
845400.0
846400.0
847400.0
848400.0
849400.0
850400.0
851400.0
852400.0
853400.0
854400.0
855400.0
856400.0
857400.0
858400.0
859400.0
860400.0
861400.0
862400.0
863400.0
864400.0
865400.0
866400.0
867400.0
868400.0
869400.0
870400.0
871400.0
872400.0
873400.0
874400.0
875400.0
876400.0
877400.0
878400.0
879400.0
880400.0
881400.0
882400.0
883400.0
884400.0
885400.0
886400.0
887400.0
888400.0
889400.0
890400.0
891400.0
892400.0
893400.0
894400.0
895400.0
896400.0
897400.0
898400.0
899400.0
900400.0
901400.0
902400.0
903400.0
904400.0
905400.0
906400.0
907400.0
908400.0
909400.0
910400.0
911400.0
912400.0
913400.0
914400.0
915400.0
924400.0
925400.0
926400.0
927400.0
928400.0
929400.0
930400.0
931400.0
932400.0
933400.0
934400.0
935400.0
936400.0
937400.0
939400.0
940400.0
941400.0
942400.0
943400.0
944400.0
945400.0
946400.0
947400.0
948400.0
949400.0
950400.0
951400.0
952400.0
953400.0
954400.0
955400.0
956400.0
957400.0
958400.0
959400.0
960400.0
961400.0
962400.0
963400.0
964400.0
965400.0
966400.0
967400.0
968400.0
969400.0
970400.0
971400.0
972400.0
973400.0
974400.0
975400.0
976400.0
977400.0
985400.0
986400.0
987400.0
988400.0
989400.0
990400.0
991400.0
992400.0
993400.0
994400.0
995400.0
996400.0
997400.0
998400.0
999400.0
1003400.0
1004400.0
1005400.0
1006400.0
1007400.0
1008400.0
1009400.0
1010400.0
1011400.0
1012400.0
1013400.0
1014400.0
1015400.0
1016400.0
1017400.0
1018400.0
1019400.0
1020400.0
1021400.0
1022400.0
1023400.0
1024400.0
1025400.0
1026400.0
1027400.0
1028400.0
1029400.0
1030400.0
1031400.0
1032400.0
1033400.0
1034400.0
1035400.0
1036400.0
1037400.0
1038400.0
1039400.0
1040400.0
1041400.0
1042400.0
1043400.0
1044400.0
1045400.0
1046400.0
1047400.0
1048400.0
1049400.0
1050400.0
1051400.0
1052400.0
1053400.0
1054400.0
1055400.0
1056400.0
1057400.0
1058400.0
1059400.0
1060400.0
1061400.0
1062400.0
1063400.0
1064400.0
1065400.0
1066400.0
1067400.0
1068400.0
1069400.0
1070400.0
1071400.0
1072400.0
1073400.0
1074400.0
1075400.0
1076400.0
1077400.0
1078400.0
1079400.0
1080400.0
1081400.0
1082400.0
1083400.0
1084400.0
1086400.0
1087400.0
1088400.0
1089400.0
1090400.0
1091400.0
1092400.0
1093400.0
1094400.0
1095400.0
1096400.0
1097400.0
1098400.0
1099400.0
1100400.0
1101400.0
1102400.0
1103400.0
1104400.0
1105400.0
1106400.0
1107400.0
1108400.0
1109400.0
1110400.0
1111400.0
1112400.0
1113400.0
1114400.0
1115400.0
1116400.0
1117400.0
1118400.0
1119400.0
1120400.0
1121400.0
1122400.0
1123400.0
1124400.0
1125400.0
1126400.0
1127400.0
1128400.0
1129400.0
1130400.0
1131400.0
1132400.0
1133400.0
1134400.0
1135400.0
1136400.0
1137400.0
1138400.0
1139400.0
1140400.0
1141400.0
1142400.0
1144400.0
1145400.0
1146400.0
1147400.0
1148400.0
1149400.0
1150400.0
1151400.0
1152400.0
1153400.0
1154400.0
1155400.0
1156400.0
1157400.0
1158400.0
1159400.0
1160400.0
1161400.0
1162400.0
1163400.0
1164400.0
1165400.0
1166400.0
1167400.0
1168400.0
1169400.0
1170400.0
1171400.0
1172400.0
1173400.0
1174400.0
1175400.0
1176400.0
1177400.0
1178400.0
1179400.0
1180400.0
1181400.0
1182400.0
1183400.0
1184400.0
1185400.0
1186400.0
1187400.0
1188400.0
1189400.0
1190400.0
1191400.0
1192400.0
1193400.0
1201400.0
1202400.0
1203400.0
1204400.0
1205400.0
1206400.0
1207400.0
1208400.0
1209400.0
1210400.0
1211400.0
1212400.0
1213400.0
1214400.0
1215400.0
1216400.0
1217400.0
1218400.0
1219400.0
1220400.0
1221400.0
1222400.0
1223400.0
1224400.0
1225400.0
1226400.0
1227400.0
1228400.0
1229400.0
1230400.0
1231400.0
1232400.0
1233400.0
1234400.0
1235400.0
1236400.0
1237400.0
1238400.0
1239400.0
