705400
707400
708400
709400
710400
711400
712400
713400
714400
715400
716400
717400
718400
719400
720400
721400
722400
723400
724400
725400
726400
727400
728400
729400
730400
731400
732400
733400
734400
735400
736400
737400
738400
739400
740400
741400
742400
743400
744400
745400
746400
747400
748400
749400
750400
751400
752400
753400
754400
755400
756400
757400
758400
759400
760400
761400
762400
763400
764400
765400
766400
767400
768400
769400
770400
771400
772400
773400
774400
775400
776400
777400
778400
779400
780400
781400
782400
783400
784400
785400
786400
787400
788400
789400
790400
791400
792400
793400
794400
795400
796400
804400
805400
806400
807400
808400
809400
810400
811400
812400
813400
814400
815400
816400
817400
818400
819400
820400
821400
822400
823400
824400
825400
826400
827400
828400
829400
830400
831400
832400
833400
834400
835400
836400
837400
838400
839400
840400
841400
842400
843400
844400
845400
846400
847400
848400
849400
850400
851400
852400
853400
854400
855400
856400
857400
858400
859400
860400
861400
862400
863400
864400
865400
866400
867400
868400
869400
870400
871400
872400
873400
874400
875400
876400
877400
878400
879400
880400
881400
882400
883400
884400
885400
886400
887400
888400
889400
890400
891400
892400
893400
894400
895400
896400
897400
898400
899400
900400
901400
902400
903400
904400
905400
906400
907400
908400
909400
910400
911400
912400
913400
914400
915400
924400
925400
926400
927400
928400
929400
930400
931400
932400
933400
934400
935400
936400
937400
939400
940400
941400
942400
943400
944400
945400
946400
947400
948400
949400
950400
951400
952400
953400
954400
955400
956400
957400
958400
959400
960400
961400
962400
963400
964400
965400
966400
967400
968400
969400
970400
971400
972400
973400
974400
975400
976400
977400
985400
986400
987400
988400
989400
990400
991400
992400
993400
994400
995400
996400
997400
998400
999400
1003400
1004400
1005400
1006400
1007400
1008400
1009400
1010400
1011400
1012400
1013400
1014400
1015400
1016400
1017400
1018400
1019400
1020400
1021400
1022400
1023400
1024400
1025400
1026400
1027400
1028400
1029400
1030400
1031400
1032400
1033400
1034400
1035400
1036400
1037400
1038400
1039400
1040400
1041400
1042400
1043400
1044400
1045400
1046400
1047400
1048400
1049400
1050400
1051400
1052400
1053400
1054400
1055400
1056400
1057400
1058400
1059400
1060400
1061400
1062400
1063400
1064400
1065400
1066400
1067400
1068400
1069400
1070400
1071400
1072400
1073400
1074400
1075400
1076400
1077400
1078400
1079400
1080400
1081400
1082400
1083400
1084400
1085400
1086400
1087400
1088400
1089400
1090400
1091400
1092400
1093400
1094400
1095400
1096400
1097400
1098400
1099400
1100400
1101400
1102400
1103400
1104400
1105400
1106400
1107400
1108400
1109400
1110400
1111400
1112400
1113400
1114400
1115400
1116400
1117400
1118400
1119400
1120400
1121400
1122400
1123400
1124400
1125400
1126400
1127400
1128400
1129400
1130400
1131400
1132400
1133400
1134400
1135400
1136400
1137400
1138400
1139400
1140400
1141400
1142400
1144400
1145400
1146400
1147400
1148400
1149400
1150400
1151400
1152400
1153400
1154400
1155400
1156400
1157400
1158400
1159400
1160400
1161400
1162400
1163400
1164400
1165400
1166400
1167400
1168400
1169400
1170400
1171400
1172400
1173400
1174400
1175400
1176400
1177400
1178400
1179400
1180400
1181400
1182400
1183400
1184400
1185400
1186400
1187400
1188400
1189400
1190400
1191400
1192400
1193400
1201400
1202400
1203400
1204400
1205400
1206400
1207400
1208400
1209400
1210400
1211400
1212400
1213400
1214400
1215400
1216400
1217400
1218400
1219400
1220400
1221400
1222400
1223400
1224400
1225400
1226400
1227400
1228400
1229400
1230400
1231400
1232400
1233400
1234400
1235400
1236400
1237400
1238400
1239400
