1184400
1188400
709400
1157400
1211400
1235400
890400
739400
1144400
887400
886400
901400
898400
1210400
894400
831400
897400
930400
960400
746400
910400
770400
846400
952400
1023400
1213400
880400
1233400
888400
1191400
830400
1025400
749400
848400
896400
773400
734400
1063400
811400
936400
973400
1209400
891400
885400
854400
747400
1207400
884400
832400
855400
902400
899400
971400
943400
755400
892400
750400
976400
906400
850400
1189400
1180400
937400
893400
1156400
913400
915400
1009400
745400
853400
934400
777400
857400
895400
726400
1168400
939400
941400
957400
969400
1062400
748400
1052400
933400
812400
931400
847400
862400
1074400
1135400
1204400
932400
925400
810400
997400
944400
1154400
988400
924400
900400
822400
1132400
908400
751400
955400
771400
1176400
1234400
889400
974400
766400
805400
814400
1035400
772400
905400
758400
1228400
1083400
912400
1181400
