39个样本异常值剔除报告
======================================================================

方法: IQR (k=1.5)
总计剔除异常值: 825 个
平均每个样本剔除: 21.2 个

详细统计:
   mile  original_count  cleaned_count  outliers_removed  original_mean  new_mean  original_std  new_std
1184400             509            460                49       2.550322  2.606098      0.501230 0.221547
1191400             508            506                 2       2.272943  2.262206      0.506139 0.473339
 733400             514            484                30       3.721535  3.694729      1.870337 0.319825
 734400             513            482                31       3.473154  3.357322      2.275879 0.307630
1213400             508            486                22       2.512537  2.540944      0.451057 0.349645
1190400             508            507                 1       2.241467  2.236136      0.769416 0.760729
 811400             515            491                24       3.163878  3.190933      0.516559 0.327188
 910400             514            476                38       2.981852  3.029183      0.469193 0.261644
 879400             514            454                60       2.923809  3.022143      0.518588 0.260841
 713400             514            506                 8       3.346358  3.338342      0.719437 0.440534
 830400             513            478                35       3.158277  3.221692      0.436296 0.247552
 821400             514            456                58       3.161601  3.304412      0.622321 0.321805
 832400             511            489                22       3.451035  3.474115      0.515378 0.334969
 812400             515            489                26       2.987146  3.026530      0.543589 0.342612
1189400             508            506                 2       2.877248  2.855711      0.718279 0.632147
 745400             513            485                28       3.227363  3.250186      0.643247 0.353614
1037400             509            509                 0       2.784971  2.784971      0.584776 0.584776
1208400             506            503                 3       2.772668  2.766149      0.591562 0.565395
 712400             514            508                 6       3.276905  3.280024      0.453300 0.368563
1209400             506            503                 3       2.610055  2.584344      0.709466 0.608809
 930400             513            479                34       2.809164  2.854482      0.447271 0.263638
 936400             515            480                35       2.770771  2.835544      0.486441 0.258291
1010400             511            509                 2       3.217462  3.168754      1.215364 0.699601
1023400             508            472                36       3.177195  3.247511      0.426966 0.267921
 883400             486            480                 6       3.622514  3.627504      0.535627 0.498775
 881400             512            457                55       2.894002  3.017372      0.537656 0.351908
 892400             515            497                18       3.093586  3.130915      0.479880 0.371918
 895400             515            511                 4       2.679845  2.627078      1.033206 0.487466
1026400             510            509                 1       2.948816  2.941002      0.781096 0.761651
1033400             511            510                 1       2.955333  2.947073      0.766483 0.744121
 913400             514            477                37       2.510481  2.526650      0.416140 0.271958
 893400             515            507                 8       2.920052  2.919988      0.585646 0.527164
 861400             512            467                45       3.076193  3.141191      0.936802 0.357242
1212400             508            504                 4       2.976069  2.975917      0.563627 0.544091
 820400             513            459                54       2.953836  3.042059      0.663662 0.353895
 898400             514            497                17       2.934628  2.885336      1.653877 0.365543
 814400             513            496                17       3.366692  3.398746      0.537306 0.422028
1018400             505            503                 2       2.874699  2.860934      0.915862 0.891171
1011400             505            504                 1       3.128992  3.085369      1.402167 1.003530