39个样本完整数据清洗报告
======================================================================

清洗规则:
1. IQR异常值检测 (k=1.5)
2. 删除间隔<3天的过密检测
3. 标记间隔>45天的过疏检测

总计剔除: 1812 个
  - IQR异常值: 825 个
  - 过密检测: 987 个
平均每个样本剔除: 46.5 个

详细统计:
   mile  original_count  cleaned_count  removed_iqr  removed_dense  total_removed  original_mean  new_mean  original_std  new_std
1184400             509            449           49             11             60       2.550322  2.606024      0.501230 0.223458
1191400             508            482            2             24             26       2.272943  2.268685      0.506139 0.475591
 733400             514            460           30             24             54       3.721535  3.710607      1.870337 0.318126
 734400             513            458           31             24             55       3.473154  3.367072      2.275879 0.310333
1213400             508            462           22             24             46       2.512537  2.565063      0.451057 0.331945
1190400             508            483            1             24             25       2.241467  2.223894      0.769416 0.769744
 811400             515            462           24             29             53       3.163878  3.179649      0.516559 0.302610
 910400             514            453           38             23             61       2.981852  3.035168      0.469193 0.265954
 879400             514            431           60             23             83       2.923809  3.026689      0.518588 0.265723
 713400             514            479            8             27             35       3.346358  3.360023      0.719437 0.436494
 830400             513            455           35             23             58       3.158277  3.211295      0.436296 0.245052
 821400             514            433           58             23             81       3.161601  3.312222      0.622321 0.327511
 832400             511            459           22             30             52       3.451035  3.463468      0.515378 0.316974
 812400             515            466           26             23             49       2.987146  3.036702      0.543589 0.346486
1189400             508            482            2             24             26       2.877248  2.862220      0.718279 0.638000
 745400             513            461           28             24             52       3.227363  3.265640      0.643247 0.355360
1037400             509            483            0             26             26       2.784971  2.796335      0.584776 0.589162
1208400             506            479            3             24             27       2.772668  2.778983      0.591562 0.569752
 712400             514            478            6             30             36       3.276905  3.300715      0.453300 0.366073
1209400             506            479            3             24             27       2.610055  2.590678      0.709466 0.615820
 930400             513            456           34             23             57       2.809164  2.849752      0.447271 0.268071
 936400             515            457           35             23             58       2.770771  2.824860      0.486441 0.258744
1010400             511            481            2             28             30       3.217462  3.166909      1.215364 0.694324
1023400             508            452           36             20             56       3.177195  3.242046      0.426966 0.272212
 883400             486            450            6             30             36       3.622514  3.616893      0.535627 0.496965
 881400             512            434           55             23             78       2.894002  3.027832      0.537656 0.357276
 892400             515            467           18             30             48       3.093586  3.126413      0.479880 0.361701
 895400             515            481            4             30             34       2.679845  2.616356      1.033206 0.490091
1026400             510            483            1             26             27       2.948816  2.942195      0.781096 0.771769
1033400             511            484            1             26             27       2.955333  2.966254      0.766483 0.751056
 913400             514            454           37             23             60       2.510481  2.527802      0.416140 0.276414
 893400             515            477            8             30             38       2.920052  2.894055      0.585646 0.517599
 861400             512            437           45             30             75       3.076193  3.146146      0.936802 0.348994
1212400             508            480            4             24             28       2.976069  2.996713      0.563627 0.540973
 820400             513            436           54             23             77       2.953836  3.052489      0.663662 0.358853
 898400             514            467           17             30             47       2.934628  2.886107      1.653877 0.362108
 814400             513            466           17             30             47       3.366692  3.379888      0.537306 0.397257
1018400             505            477            2             26             28       2.874699  2.863166      0.915862 0.907467
1011400             505            476            1             28             29       3.128992  3.054855      1.402167 0.996365