Trident有效样本筛选报告
======================================================================

筛选条件:
1. 平均TQI < 4
2. 数据量 ≥ 450
3. MAE < 0.3

原始样本数: 514
符合条件的样本数: 39

前20个样本 (按MAE排序):
 tqi_mile  clean_count  tqi_mean  tqi_std  best_mae  trident_improvement
  1184400          460  2.606098 0.221547  0.126998            16.476824
  1191400          506  2.262206 0.473339  0.157032            56.678317
   733400          484  3.694729 0.319825  0.160723            46.898737
   734400          482  3.357322 0.307630  0.161351            34.696866
  1213400          486  2.540944 0.349645  0.163077            39.630484
  1190400          507  2.236136 0.760729  0.190267            71.959929
   811400          491  3.190933 0.327188  0.191847            24.279763
   910400          476  3.029183 0.261644  0.193352            22.170628
   879400          454  3.022143 0.260841  0.193740            35.589260
   713400          506  3.338342 0.440534  0.194458            65.256597
   830400          478  3.221692 0.247552  0.201747            10.718548
   821400          456  3.304412 0.321805  0.202408            42.512811
   832400          489  3.474115 0.334969  0.203224            22.273557
   812400          489  3.026530 0.342612  0.210944            44.760339
  1189400          506  2.855711 0.632147  0.213282            54.896208
   745400          485  3.250186 0.353614  0.214680            25.902285
  1037400          509  2.784971 0.584776  0.219359            73.255703
  1208400          503  2.766149 0.565395  0.227801            60.733751
   712400          508  3.280024 0.368563  0.228760            58.977787
  1209400          503  2.584344 0.608809  0.229644            46.581533